0
9.3359375
0
-9.355469
0
-1.1914063
0
0
0
1.2695313
-6.7578125
0
0
0
0
0
0
1.015625
-3.1640625
-2.5585938
8.652344
0
0
0
0
0
0
0
0
0
0
0
0
-2.0898438
4.8632813
4.2578125
3.3007813
-6.0351563
-6.8164063
6.2304688
0.33203125
0
0
0
0
0
0
0
0
0
0
0
0
0
0
0
0
0
0
0
0
0
0
0
0
4.3554688
-2.0703125
4.1015625
-9.609375
-2.96875
9.375
-7.6953125
-9.355469
1.328125
1.1132813
0.703125
5.546875
2.1484375
-2.96875
-8.261719
6.2109375
0
0
0
0
0
0
0
0
0
0
0
0
0
0
0
0
0
0
0
0
0
0
0
0
0
0
0
0
0
0
0
0
0
0
0
0
0
0
0
0
0
0
0
0
0
0
0
0
6.6601563
-0.01953125
6.2109375
-1.25
-4.0625
3.3203125
1.6796875
-3.9648438
2.8125
7.65625
-0.7421875
-0.3515625
7.9296875
9.433594
7.4804688
-6.0351563
-3.6328125
-4.21875
2.5585938
9.746094
4.7851563
-2.2851563
7.2851563
9.902344
8.984375
-4.3554688
-2.3828125
3.6523438
-4.2382813
2.109375
-0.859375
1.1523438
0
0
0
0
0
0
0
0
0
0
0
0
0
0
0
0
0
0
0
0
0
0
0
0
0
0
0
0
0
0
0
0
0
0
0
0
0
0
0
0
0
0
0
0
0
0
0
0
0
0
0
0
0
0
0
0
0
0
0
0
0
0
0
0
0
0
0
0
0
0
0
0
0
0
0
0
0
0
0
0
0
0
0
0
0
0
0
0
0
0
0
0
0
0
0
0
-8.652344
1.9140625
-7.2070313
8.4375
-1.9921875
-0.60546875
0.0390625
-4.5703125
-1.9140625
7.4609375
2.5
2.7734375
8.7109375
-5.546875
-1.1328125
-1.9921875
-4.0039063
1.5820313
6.2109375
4.7070313
3.8476563
3.3007813
5.390625
-2.890625
-5.1367188
-8.7890625
9.7265625
-5.7226563
-2.4414063
4.9414063
4.0429688
-6.2109375
-1.0742188
1.8164063
4.1601563
3.4375
4.6679688
-2.4804688
1.4453125
4.765625
-4.4726563
3.7109375
2.3242188
9.21875
6.8359375
-2.8125
4.0820313
-2.0898438
6.5039063
-5.0390625
-0.1953125
9.4140625
1.09375
-8.574219
8.984375
-4.4335938
3.4960938
7.7539063
8.886719
6.8164063
9.765625
-1.3476563
2.8125
4.4140625
0
0
0
0
0
0
0
0
0
0
0
0
0
0
0
0
0
0
0
0
0
0
0
0
0
0
0
0
0
0
0
0
0
0
0
0
0
0
0
0
0
0
0
0
0
0
0
0
0
0
0
0
0
0
0
0
0
0
0
0
0
0
0
0
0
0
0
0
0
0
0
0
0
0
0
0
0
0
0
0
0
0
0
0
0
0
0
0
0
0
0
0
0
0
0
0
0
0
0
0
0
0
0
0
0
0
0
0
0
0
0
0
0
0
0
0
0
0
0
0
0
0
0
0
0
0
0
0
0
0
0
0
0
0
0
0
0
0
0
0
0
0
0
0
0
0
0
0
0
0
0
0
0
0
0
0
0
0
0
0
0
0
0
0
0
0
0
0
0
0
0
0
0
0
0
0
0
0
0
0
0
0
0
0
0
0
0
0
0
0
0
0
-3.828125
4.1796875
-5.0976563
9.53125
5.3515625
-1.25
-3.8867188
-1.7773438
-4.9609375
-1.7382813
-7.5390625
-5.6445313
8.7890625
5.7226563
-8.59375
8.7109375
9.199219
-1.2695313
3.9257813
-6.5429688
9.4921875
-1.8554688
9.453125
-8.3203125
-1.25
-4.5117188
5.2539063
3.1445313
-2.4414063
5.6640625
9.394531
-9.238281
-4.9414063
-4.765625
1.5039063
4.84375
-6.8554688
-1.015625
-0.41015625
-0.1953125
-2.2070313
8.535156
-8.0078125
3.3984375
-0.1171875
-6.3671875
-1.3085938
2.5390625
-9.667969
0.17578125
7.96875
-6.9921875
2.0117188
-4.5898438
2.4023438
0.25390625
7.2265625
-2.3828125
-2.9882813
-3.3203125
-5.5664063
-0.99609375
-8.28125
3.6328125
-2.7929688
2.6757813
0.1171875
5.9765625
-8.808594
-4.5117188
-3.828125
5.2734375
1.8359375
-7.0507813
5.234375
-9.550781
0.859375
3.8671875
-0.09765625
4.140625
4.1015625
-2.5585938
-7.5585938
-8.28125
-1.5234375
-4.8828125
-5.6835938
3.8085938
8.222656
2.9882813
-0.3125
5.1367188
-3.3398438
8.671875
1.3867188
-9.453125
6.7382813
0.09765625
9.238281
3.2617188
-7.9296875
-8.808594
3.6328125
-0.6640625
-6.953125
-7.0117188
-7.03125
8.925781
4.3945313
7.6757813
-2.3828125
-2.7539063
9.511719
3.2226563
-7.7539063
4.84375
2.0507813
4.9804688
2.6171875
-8.359375
0.9765625
-5.7421875
-1.6015625
0.21484375
-4.0429688
4.1992188
-2.0507813
-2.03125
0
0
0
0
0
0
0
0
0
0
0
0
0
0
0
0
0
0
0
0
0
0
0
0
0
0
0
0
0
0
0
0
0
0
0
0
0
0
0
0
0
0
0
0
0
0
0
0
0
0
0
0
0
0
0
0
0
0
0
0
0
0
0
0
0
0
0
0
0
0
0
0
0
0
0
0
0
0
0
0
0
0
0
0
0
0
0
0
0
0
0
0
0
0
0
0
0
0
0
0
0
0
0
0
0
0
0
0
0
0
0
0
0
0
0
0
0
0
0
0
0
0
0
0
0
0
0
0
0
0
0
0
0
0
0
0
0
0
0
0
0
0
0
0
0
0
0
0
0
0
0
0
0
0
0
0
0
0
0
0
0
0
0
0
0
0
0
0
0
0
0
0
0
0
0
0
0
0
0
0
0
0
0
0
0
0
0
0
0
0
0
0
0
0
0
0
0
0
0
0
0
0
0
0
0
0
0
0
0
0
0
0
0
0
0
0
0
0
0
0
0
0
0
0
0
0
0
0
0
0
0
0
0
0
0
0
0
0
0
0
0
0
0
0
0
0
0
0
0
0
0
0
0
0
0
0
0
0
0
0
0
0
0
0
0
0
0
0
0
0
0
0
0
0
0
0
0
0
0
0
0
0
0
0
0
0
0
0
0
0
0
0
0
0
0
0
0
0
0
0
0
0
0
0
0
0
0
0
0
0
0
0
0
0
0
0
0
0
0
0
0
0
0
0
0
0
0
0
0
0
0
0
0
0
0
0
0
0
0
0
0
0
0
0
0
0
0
0
0
0
0
0
0
0
0
0
0
0
0
0
0
0
0
0
0
0
0
0
0
0
0
0
0
0
0
0
0
0
0
0
0
0
0
