-0.15311122
-0.15311122
-1.159723
-2.006108
-0.8343883
-0.8343883
-0.6854158
-0.6854158
-0.6854158
-0.6854158
-0.7189056
-0.26876152
-0.5890265
0.4936313
0.4936313
0.4936313
0.4936313
0.4936313
0.36615187
0.7623928
1.0826578
0
0
0
0
0
-0.26345998
0.34605533
0.8789814
1.2926693
0.53723586
-0.31637895
0.46405947
0.50580513
0.76926506
0.15974975
-0.37317634
-0.78686416
-0.03143072
0.8221841
0.041745663
0
0
0
0
0
0
0
0
0
0
0
0
0
0
0
0
0
0.5467949
0.2879507
0.8020894
-0.39932543
-0.7714548
0.4010415
-0.56120515
-1.7325008
-2.1115203
-1.7128518
-2.139073
-0.24350107
0.3982786
-1.1477326
-1.2196212
0.7283573
0.5605819
0.42075753
0.33284009
-0.36131704
-0.63096726
-0.25745237
0.77668285
0
0
0
0
0
0
0
0
0
0
0
0
0
0
0
0
0
0
0
0
0
0
0
0
0
0
0
0
0
0
0
0
0
0
0
0
0
0
0
0
0
0.8328209
0.82890725
1.6054838
1.4478438
0.93853223
1.3541977
1.5663712
1.0705667
0.59129965
1.5535449
0.68306243
0.79467666
2.2952719
3.0593767
3.7838714
3.5233955
2.7152967
1.2272544
1.6422327
2.9085367
2.5177689
1.0516973
1.0262207
3.0225983
4.6013794
4.585776
3.9646015
3.2011771
2.0708356
2.6224232
1.6022073
0.5081994
-0.6160372
-0.07072294
0.2293793
-0.22747457
0.30235052
0.037064552
0.1460886
0
0
0
0
0
0
0
0
0
0
0
0
0
0
0
0
0
0
0
0
0
0
0
0
0
0
0
0
0
0
0
0
0
0
0
0
0
0
0
0
0
0
0
0
0
0
0
0
0
0
0
0
0
0
0
0
0
0
0
0
0
0
0
0
0
0
0
0
0
0
0
0
0
0
0
0
0
0
0
0
0
0
0
0
0
0
0
0
0
-1.0838518
-0.8429682
-1.7448628
-0.689492
-0.93920445
-1.0164938
-1.0105069
-1.5826163
-0.7388547
-0.047113
1.1696517
0.46200848
1.8028743
1.1867557
1.0377712
1.3597448
1.0985286
0.36379957
0.82630044
1.0682709
0.45954227
1.5655884
2.3826895
2.270924
2.129465
0.8317679
1.2717298
-0.034041822
-0.8216459
-0.6159215
-0.7838454
-1.1987796
-0.6903447
0.6373498
-0.059135973
1.0879753
1.9773705
1.048498
0.72437197
2.0980744
1.6709721
1.9074494
1.6777662
2.40035
2.6729467
2.6312492
2.9616566
2.1012318
3.477012
2.3824232
2.0658689
2.0913134
1.3727636
0.6527777
1.2645227
0.97374266
0.59862256
2.19914
3.3374648
3.0115352
4.0955553
4.9984183
4.227953
5.3348
4.8955727
3.9252727
2.8123386
1.9592019
0.73691905
0.9062493
0.55250907
0
0
0
0
0
0
0
0
0
0
0
0
0
0
0
0
0
0
0
0
0
0
0
0
0
0
0
0
0
0
0
0
0
0
0
0
0
0
0
0
0
0
0
0
0
0
0
0
0
0
0
0
0
0
0
0
0
0
0
0
0
0
0
0
0
0
0
0
0
0
0
0
0
0
0
0
0
0
0
0
0
0
0
0
0
0
0
0
0
0
0
0
0
0
0
0
0
0
0
0
0
0
0
0
0
0
0
0
0
0
0
0
0
0
0
0
0
0
0
0
0
0
0
0
0
0
0
0
0
0
0
0
0
0
0
0
0
0
0
0
0
0
0
0
0
0
0
0
0
0
0
0
0
0
0
0
0
0
0
0
0
0
0
0
0
0
0
0
0
0
0
0
0
0
0
0
0
0
0
0
0
0
0
0
0
-0.47954857
0.045319438
-0.592216
0.59971285
1.2689118
1.1119478
0.62369245
0.40031153
0.2577917
-0.48631763
-0.7929653
-2.6918366
-2.2622464
-1.3897625
-1.9759258
-0.6619755
1.1102899
1.1703343
2.6066191
2.4950671
2.5838192
1.6359198
3.8923476
1.7593304
0.45150387
0.044672072
0.21029156
1.4235553
-0.070558965
0.870277
0.8648577
0.75065684
0.2905429
0.2598685
-0.20783448
0.0033968687
-0.5489731
-1.3843894
-2.614648
-1.4844186
-1.1433046
0.5211849
-0.67219305
-0.85248303
-0.008388281
-0.67784077
-0.78926414
-0.4454226
-1.3788617
-2.4243991
-0.4229772
-1.7240351
-1.4563293
-1.2360294
-0.7684988
-1.0518395
1.0636141
0.7415377
-0.6317335
-0.17213196
-1.1231261
-0.6736466
-2.01215
-1.5915697
-2.8478804
-2.211349
-1.8199232
-0.65577114
-1.0605568
-1.4995561
-0.9434426
-0.7384896
-0.15787804
-1.377786
-0.73954344
-2.682865
-1.4706254
-0.42073274
0.044599175
-0.095050216
0.18799555
0.7502909
-0.84968877
-0.6914984
-0.99339354
-2.0881648
-2.784483
-2.8262143
-2.3108776
-1.6156833
-0.7097521
0.970467
0.7446682
2.441548
3.3265371
1.6656358
1.4808323
1.1201966
2.3153832
2.080334
1.5067585
-0.68152136
-0.40102547
0.6976979
-1.0154617
-1.9057086
-3.9411979
-3.2322311
-1.6901538
0.37323546
-0.38000333
-0.6416216
1.4178777
2.6978502
2.6082482
2.0967202
1.8042585
1.4663392
2.0941482
1.3934007
0.32654893
-0.79669553
-0.02783817
-0.6063859
-1.3710635
-1.4681133
-2.0548747
-1.2642
-1.3869534
-0.667084
-0.46644735
-0.4937842
0.013230205
-0.51327884
-0.25563508
0
0
0
0
0
0
0
0
0
0
0
0
0
0
0
0
0
0
0
0
0
0
0
0
0
0
0
0
0
0
0
0
0
0
0
0
0
0
0
0
0
0
0
0
0
0
0
0
0
0
0
0
0
0
0
0
0
0
0
0
0
0
0
0
0
0
0
0
0
0
0
0
0
0
0
0
0
0
0
0
0
0
0
0
0
0
0
0
0
0
0
0
0
0
0
0
0
0
0
0
0
0
0
0
0
0
0
0
0
0
0
0
0
0
0
0
0
0
0
0
0
0
0
0
0
0
0
0
0
0
0
0
0
0
0
0
0
0
0
0
0
0
0
0
0
0
0
0
0
0
0
0
0
0
0
0
0
0
0
0
0
0
0
0
0
0
0
0
0
0
0
0
0
0
0
0
0
0
0
0
0
0
0
0
0
0
0
0
0
0
0
0
0
0
0
0
0
0
0
0
0
0
0
0
0
0
0
0
0
0
0
0
0
0
0
0
0
0
0
0
0
0
0
0
0
0
0
0
0
0
0
0
0
0
0
0
0
0
0
0
0
0
0
0
0
0
0
0
0
0
0
0
0
0
0
0
0
0
0
0
0
0
0
0
0
0
0
0
0
0
0
0
0
0
0
0
0
0
0
0
0
0
0
0
0
0
0
0
0
0
0
0
0
0
0
0
0
0
0
0
0
0
0
0
0
0
0
0
0
0
0
0
0
0
0
0
0
0
0
0
0
0
0
0
0
0
0
0
0
0
0
0
0
0
0
0
0
0
0
0
0
0
0
0
0
0
0
0
0
0
0
0
0
0
0
0
0
0
0
0
0
0
0
0
0
0
0
0
0
0
0
0
0
0
0
