0
9.340649
0
-9.373758
0
-1.1917801
0
0
0
1.287754
-6.7710805
0
0
0
0
0
0
1.0198355
-3.1699276
-2.56212
8.6612625
0
0
0
0
0
0
0
0
0
0
0
0
-2.1076798
4.8761225
4.2634087
3.3095026
-6.0434675
-6.8289185
6.2435074
0.3339653
0
0
0
0
0
0
0
0
0
0
0
0
0
0
0
0
0
0
0
0
0
0
0
0
4.374359
-2.0707536
4.1131096
-9.611319
-2.977035
9.379971
-7.6979733
-9.370365
1.3422031
1.1185951
0.7033396
5.553257
2.1572018
-2.9881191
-8.273082
6.213463
0
0
0
0
0
0
0
0
0
0
0
0
0
0
0
0
0
0
0
0
0
0
0
0
0
0
0
0
0
0
0
0
0
0
0
0
0
0
0
0
0
0
0
0
0
0
0
0
6.662567
-0.031309128
6.212612
-1.2611198
-4.0744925
3.325324
1.6973877
-3.9664364
2.8284311
7.6666527
-0.7512474
-0.36820602
7.9302692
9.438164
7.4933453
-6.050248
-3.6363554
-4.2376876
2.5685787
9.762226
4.8041296
-2.290411
7.2895336
9.920773
8.993893
-4.362514
-2.4008179
3.654831
-4.2386007
2.1222878
-0.8721924
1.1687088
0
0
0
0
0
0
0
0
0
0
0
0
0
0
0
0
0
0
0
0
0
0
0
0
0
0
0
0
0
0
0
0
0
0
0
0
0
0
0
0
0
0
0
0
0
0
0
0
0
0
0
0
0
0
0
0
0
0
0
0
0
0
0
0
0
0
0
0
0
0
0
0
0
0
0
0
0
0
0
0
0
0
0
0
0
0
0
0
0
0
0
0
0
0
0
0
-8.6708145
1.9270687
-7.2151566
8.442966
-1.9976997
-0.61831474
0.04789543
-4.576876
-1.920721
7.4610023
2.518961
2.7818203
8.729227
-5.5472636
-1.14398
-2.0010877
-4.010451
1.5831709
6.2189674
4.7175837
3.859398
3.3011055
5.39283
-2.8952122
-5.1421213
-8.798407
9.738663
-5.7285905
-2.4414349
4.9469013
4.0494366
-6.214683
-1.0746431
1.8231487
4.1667767
3.4483004
4.673727
-2.4840784
1.4564276
4.7749376
-4.4914627
3.7149668
2.3293114
9.2289715
6.8545
-2.8176594
4.0996885
-2.1084619
6.514778
-5.0417447
-0.2031231
9.432529
1.106102
-8.577547
8.993649
-4.4347024
3.5138178
7.762396
8.903475
6.8250923
9.778263
-1.3546419
2.8299217
4.4200726
0
0
0
0
0
0
0
0
0
0
0
0
0
0
0
0
0
0
0
0
0
0
0
0
0
0
0
0
0
0
0
0
0
0
0
0
0
0
0
0
0
0
0
0
0
0
0
0
0
0
0
0
0
0
0
0
0
0
0
0
0
0
0
0
0
0
0
0
0
0
0
0
0
0
0
0
0
0
0
0
0
0
0
0
0
0
0
0
0
0
0
0
0
0
0
0
0
0
0
0
0
0
0
0
0
0
0
0
0
0
0
0
0
0
0
0
0
0
0
0
0
0
0
0
0
0
0
0
0
0
0
0
0
0
0
0
0
0
0
0
0
0
0
0
0
0
0
0
0
0
0
0
0
0
0
0
0
0
0
0
0
0
0
0
0
0
0
0
0
0
0
0
0
0
0
0
0
0
0
0
0
0
0
0
0
0
0
0
0
0
0
0
-3.8363886
4.198944
-5.1002836
9.535431
5.353592
-1.2557125
-3.9060426
-1.7870474
-4.976547
-1.753931
-7.5534654
-5.655539
8.790314
5.7241583
-8.59535
8.724556
9.201576
-1.2735748
3.9368134
-6.547954
9.50033
-1.8590374
9.456072
-8.3395815
-1.2610359
-4.528229
5.2617693
3.1581545
-2.4525833
5.66765
9.412718
-9.253189
-4.9419475
-4.773624
1.5201454
4.8480053
-6.871543
-1.0156803
-0.4293518
-0.2113533
-2.2130346
8.542292
-8.026878
3.4056854
-0.118784904
-6.3713
-1.3207388
2.5393791
-9.680548
0.17799187
7.984497
-7.002778
2.0228624
-4.6089005
2.4195051
0.27265358
7.243082
-2.3986197
-3.0016732
-3.3259654
-5.585091
-1.0130644
-8.288522
3.6372967
-2.8074026
2.6936293
0.12973309
5.9872513
-8.823376
-4.5250583
-3.8396144
5.2769203
1.8374901
-7.0656347
5.235674
-9.559319
0.8745384
3.8740826
-0.11695862
4.159725
4.101856
-2.5672722
-7.564163
-8.293796
-1.5406227
-4.884088
-5.687504
3.8258743
8.224552
2.9942818
-0.31671524
5.147958
-3.347013
8.69095
1.3924103
-9.461336
6.7461224
0.10919571
9.244778
3.2675648
-7.935617
-8.815289
3.6363773
-0.67154884
-6.9591546
-7.0127797
-7.039137
8.939301
4.400999
7.691826
-2.3895311
-2.7644968
9.51684
3.2270002
-7.755952
4.8470764
2.061305
4.988472
2.6329403
-8.370478
0.98202705
-5.7589555
-1.605093
0.21869469
-4.056115
4.2120724
-2.06115
-2.0450807
0
0
0
0
0
0
0
0
0
0
0
0
0
0
0
0
0
0
0
0
0
0
0
0
0
0
0
0
0
0
0
0
0
0
0
0
0
0
0
0
0
0
0
0
0
0
0
0
0
0
0
0
0
0
0
0
0
0
0
0
0
0
0
0
0
0
0
0
0
0
0
0
0
0
0
0
0
0
0
0
0
0
0
0
0
0
0
0
0
0
0
0
0
0
0
0
0
0
0
0
0
0
0
0
0
0
0
0
0
0
0
0
0
0
0
0
0
0
0
0
0
0
0
0
0
0
0
0
0
0
0
0
0
0
0
0
0
0
0
0
0
0
0
0
0
0
0
0
0
0
0
0
0
0
0
0
0
0
0
0
0
0
0
0
0
0
0
0
0
0
0
0
0
0
0
0
0
0
0
0
0
0
0
0
0
0
0
0
0
0
0
0
0
0
0
0
0
0
0
0
0
0
0
0
0
0
0
0
0
0
0
0
0
0
0
0
0
0
0
0
0
0
0
0
0
0
0
0
0
0
0
0
0
0
0
0
0
0
0
0
0
0
0
0
0
0
0
0
0
0
0
0
0
0
0
0
0
0
0
0
0
0
0
0
0
0
0
0
0
0
0
0
0
0
0
0
0
0
0
0
0
0
0
0
0
0
0
0
0
0
0
0
0
0
0
0
0
0
0
0
0
0
0
0
0
0
0
0
0
0
0
0
0
0
0
0
0
0
0
0
0
0
0
0
0
0
0
0
0
0
0
0
0
0
0
0
0
0
0
0
0
0
0
0
0
0
0
0
0
0
0
0
0
0
0
0
0
0
0
0
0
0
0
0
0
0
0
0
0
0
0
0
0
0
0
0
0
0
0
0
0
0
0
